600519
000858
002304
600036
000001
601939
000651
000333
600690
002508
601318
601601
600887
603288
000069
600048
600383
600196
600276
601012
600487
600438
000725
601225
601699
000933
000807
002460
002466
600516
600392
600362
000878
600884
600031
000528
000425
601899
600606
600595
601388
002594
000656
002146
000671
000001
601939
601288
601398
600030
601688
000488
300393
300317
600522
600867
000963
000661
601666
600383
600584
300316
600183
000786
002369
600388
300203
300070
002672
603658
300003
002573