一、综合类
1、价值蓝筹
002803
001542
000742
110022
160222
519690
519066
376510
003940
001112
000619
165312
180012
310388
206007
070032
2、大金融+其他
000251
001740
001659
3、价值蓝筹+新兴成长龙头
040008
217012
002851
001208
4、价值蓝筹+周期股
002124
5、沪港深
169105
001371
001878
002121
002214
004477
001703
二、专题类
1、医药
000878
003095
110023
240020
000884
003284
2、芯片概念
710001
000063
3、5G
001956
000522
4、人工智能
519961
690007
5、电子元件（消费电子）
340007
310358
020026
003769
6、电子元件
001410
7、新能源车
001712
001179
8、锂电池概念
000457
377240
370024
9、节能环保
001975
002259
10、新兴成长综合
519772
375010
519606
001060
001071
11、化工原料
100020
410007
12、钢铁行业
502023
168203
13、水泥建材
217009
003659
14、造纸印刷
001220
360007
15、煤炭
002910
168204
16、军工
160630
001838
002199
17、新材料
002064
121003
18、新零售
001048
001651
19、云计算
320006
001513
20、网络安全
002168
21、健康中国
090020
001171
22、材料行业
001459
003984